r;theta;x;y
0.891367;2.828231;-0.847960;0.274771
0.858432;0.458666;0.769708;0.380073
0.260186;3.036764;-0.258758;0.027225
0.943006;4.818192;0.099587;-0.937733
0.622551;3.490731;-0.584991;-0.212967
0.391134;1.341372;0.088951;0.380886
0.642657;3.994642;-0.422669;-0.484107
0.972768;6.264122;0.972591;-0.018543
0.877574;1.385034;0.162084;0.862476
0.882436;5.466604;0.604219;-0.643127
0.913754;0.061066;0.912051;0.055765
0.891834;0.943810;0.523245;0.722206
0.887184;5.239762;0.446489;-0.766644
0.139786;1.389319;0.025229;0.137490
0.852112;1.750960;-0.152691;0.838320
0.688440;3.271221;-0.682664;-0.088992
0.853699;4.569183;-0.121838;-0.844960
0.770474;1.965701;-0.296417;0.711173
0.458830;6.278423;0.458825;-0.002185
0.282294;0.719092;0.212399;0.185948
0.266760;1.461946;0.028980;0.265181
0.572655;3.042124;-0.569825;0.056868
0.620318;4.967254;0.156391;-0.600281
0.693639;0.973460;0.390132;0.573526
0.726189;4.876883;0.118916;-0.716387
0.735745;2.276379;-0.477114;0.560074
0.886510;2.115473;-0.459338;0.758227
0.169885;3.600240;-0.152328;-0.075214
0.828839;0.304112;0.790806;0.248193
0.891131;2.595389;-0.761474;0.462895
0.918383;4.928631;0.197049;-0.896995
0.670859;0.556577;0.569605;0.354404
0.715280;0.274462;0.688508;0.193862
0.633587;1.498552;0.045733;0.631935
0.747848;3.022985;-0.742594;0.088493
0.594095;0.922309;0.358823;0.473493
0.479741;1.239264;0.156152;0.453616
0.794330;3.863820;-0.596014;-0.525098
0.993881;3.948649;-0.687395;-0.717835
0.535004;0.197933;0.524558;0.105205
0.636104;5.199644;0.297825;-0.562075
0.627534;1.197123;0.229074;0.584230
0.824978;5.899993;0.765147;-0.308446
0.529033;2.309467;-0.356201;0.391148
0.709765;0.464893;0.634437;0.318207
0.544962;2.181484;-0.312498;0.446462
0.612176;4.693766;-0.011400;-0.612069
0.660133;5.569315;0.498951;-0.432231
0.554140;5.260339;0.288673;-0.473010
0.800773;2.404575;-0.592954;0.538186
0.913610;3.207811;-0.911608;-0.060454
0.727661;0.407370;0.668113;0.288296
0.841294;1.008137;0.448777;0.711599
0.824488;1.331570;0.195363;0.801008
0.552494;3.030770;-0.549105;0.061104
0.493384;4.460295;-0.123066;-0.477789
0.908991;0.964965;0.517621;0.747217
0.645568;3.184651;-0.644970;-0.027789
0.780349;4.377081;-0.256782;-0.736890
0.625115;0.708184;0.474803;0.406610
0.535702;1.282430;0.152347;0.513583
0.988057;4.157810;-0.520296;-0.839969
0.975265;2.588886;-0.830055;0.512007
0.253913;4.866736;0.039035;-0.250895
0.874983;4.434107;-0.240362;-0.841321
0.396567;0.732820;0.294764;0.265291
0.465026;1.276159;0.135040;0.444987
0.425989;2.766964;-0.396444;0.155881
0.602958;2.372537;-0.433266;0.419331
0.807652;1.163395;0.320012;0.741549
0.927342;2.589188;-0.789414;0.486610
0.946064;4.311692;-0.369023;-0.871126
0.286381;1.959072;-0.108422;0.265064
0.842278;4.341417;-0.305344;-0.784983
0.091815;3.873923;-0.068275;-0.061388
0.896476;1.856097;-0.252310;0.860238
0.905902;4.900426;0.169341;-0.889934
0.688110;4.849369;0.093963;-0.681664
0.841613;3.380146;-0.817779;-0.198871
0.250436;6.221987;0.249967;-0.015317
0.871796;4.626529;-0.074760;-0.868585
0.326943;3.095292;-0.326593;0.015132
0.969249;5.056155;0.326671;-0.912540
0.965923;5.148147;0.407714;-0.875658
0.426981;0.638761;0.342795;0.254567
0.067179;3.509963;-0.062672;-0.024191
0.173482;5.652046;0.140062;-0.102366
0.494829;0.704408;0.377057;0.320443
0.853053;2.957125;-0.838580;0.156470
0.896141;1.586385;-0.013969;0.896032
0.295288;0.773397;0.211291;0.206279
0.740195;5.704215;0.619563;-0.405007
0.647587;3.378695;-0.629469;-0.152110
0.442728;0.802250;0.307736;0.318287
0.275144;1.625623;-0.015078;0.274730
0.796426;5.251065;0.408567;-0.683643
0.715132;4.657015;-0.039579;-0.714036
0.573031;2.832818;-0.545930;0.174139
0.249502;4.886584;0.043242;-0.245726
0.519817;1.536641;0.017751;0.519514
0.629077;1.726136;-0.097328;0.621502
0.896210;2.675594;-0.800650;0.402681
0.831039;3.546236;-0.763927;-0.327173
0.733447;2.628414;-0.638971;0.360085
0.742559;5.386990;0.463792;-0.579906
0.819027;4.012373;-0.527642;-0.626418
0.990180;4.618437;-0.092893;-0.985813
0.250589;2.512181;-0.202570;0.147514
0.522287;1.626107;-0.028873;0.521489
0.209428;5.433950;0.138339;-0.157233
0.184071;4.260974;-0.080299;-0.165632
0.837002;0.387346;0.774993;0.316163
0.967313;3.426158;-0.928412;-0.271564
0.715895;6.270280;0.715835;-0.009239
0.916169;1.879093;-0.277999;0.872973
0.871127;1.477202;0.081414;0.867315
0.757489;0.492652;0.667410;0.358265
0.421058;4.905710;0.080893;-0.413215
0.398950;4.493954;-0.086453;-0.389470
0.446198;4.464549;-0.109457;-0.432565
0.756704;2.426887;-0.571528;0.495940
0.590884;0.436116;0.535577;0.249603
0.798531;5.832625;0.718840;-0.347736
0.992768;5.720432;0.839672;-0.529658
0.838717;0.185027;0.824402;0.154302
0.880497;1.593925;-0.020363;0.880262
0.473240;6.234177;0.472672;-0.023184
0.561542;1.003117;0.301928;0.473464
0.232039;5.201435;0.109008;-0.204840
0.820944;2.573341;-0.691927;0.441798
0.356232;5.963773;0.338214;-0.111860
0.802910;1.363721;0.165077;0.785757
0.166048;5.164496;0.072540;-0.149365
0.998905;1.173278;0.386707;0.921015
0.231391;4.481520;-0.052948;-0.225252
0.643149;0.895329;0.402136;0.501923
0.784767;1.753863;-0.142864;0.771653
0.853380;1.592850;-0.018819;0.853173
0.455443;4.485227;-0.102572;-0.443742
0.824801;5.723197;0.698822;-0.438115
0.862145;6.106779;0.848765;-0.151300
0.405655;6.077411;0.397097;-0.082885
0.981899;3.015206;-0.974067;0.123768
0.802031;3.357225;-0.783456;-0.171607
0.907784;5.237381;0.454986;-0.785531
0.971535;2.936283;-0.951131;0.198067
0.884714;0.659081;0.699415;0.541791
0.827265;2.052365;-0.383164;0.733180
0.665735;1.247401;0.211562;0.631224
0.172421;3.121147;-0.172385;0.003525
0.954875;2.785776;-0.895064;0.332636
0.394454;3.315291;-0.388518;-0.068172
0.488731;5.553406;0.364262;-0.325839
0.545443;2.804098;-0.514673;0.180609
0.773109;6.143730;0.765604;-0.107465
0.934619;5.386851;0.583649;-0.729978
0.974541;3.483530;-0.918122;-0.326776
0.583907;2.703070;-0.528657;0.247928
0.742063;6.183911;0.738410;-0.073547
0.693454;2.354492;-0.489510;0.491180
0.578020;2.668833;-0.514620;0.263198
0.917634;3.978381;-0.614678;-0.681340
0.214492;0.268744;0.206793;0.056952
0.690054;3.073797;-0.688469;0.046747
0.491225;3.178689;-0.490887;-0.018218
0.708737;4.206216;-0.343620;-0.619866
0.682368;4.133720;-0.373194;-0.571273
0.443944;4.426410;-0.125235;-0.425913
0.241052;0.068776;0.240482;0.016565
0.816776;4.120538;-0.455678;-0.677850
0.994360;3.396923;-0.962122;-0.251140
0.171759;2.857800;-0.164888;0.048092
0.781927;2.327593;-0.536868;0.568491
0.633555;1.018310;0.332493;0.539296
0.933274;5.543472;0.689374;-0.629097
0.230543;1.288732;0.064169;0.221432
0.907403;2.585883;-0.770863;0.478698
0.915580;5.462526;0.624187;-0.669834
0.674039;1.975823;-0.265600;0.619503
0.935388;1.331929;0.221315;0.908829
0.580274;2.370388;-0.416098;0.404451
0.938841;5.041282;0.303242;-0.888520
0.742640;3.737622;-0.614587;-0.416889
0.152256;0.791505;0.107002;0.108317
0.778336;1.298464;0.209355;0.749651
0.546012;0.696874;0.418710;0.350444
0.864462;2.058560;-0.405131;0.763651
0.752160;5.498145;0.532048;-0.531667
0.835511;6.076701;0.817763;-0.171296
0.192681;3.575623;-0.174815;-0.081028
0.604781;3.811556;-0.474054;-0.375543
0.879878;1.188408;0.328316;0.816330
0.134848;0.809431;0.093033;0.097616
0.758210;6.213222;0.756355;-0.053003
0.979612;2.826384;-0.931348;0.303694
0.448161;1.862072;-0.128700;0.429283
0.586041;3.761259;-0.477080;-0.340351
0.784254;2.584337;-0.665604;0.414760
0.439869;0.971311;0.248182;0.363168
0.732996;1.983250;-0.293827;0.671527
0.601037;5.249049;0.307291;-0.516544
0.653112;3.926319;-0.462130;-0.461509
0.403785;6.234805;0.403312;-0.019528
0.707071;5.410577;0.454527;-0.541623
0.689775;0.335698;0.651272;0.227231
0.972908;5.287608;0.529280;-0.816341
0.812438;4.528524;-0.148539;-0.798744
0.739623;4.261514;-0.322293;-0.665710
0.604908;0.766071;0.435921;0.419389
0.428320;2.045516;-0.195780;0.380957
0.296832;5.659001;0.240861;-0.173479
0.371839;2.711534;-0.337980;0.155029
0.706598;4.733243;0.014734;-0.706445
0.599346;1.313927;0.152266;0.579682
0.651352;5.632870;0.518407;-0.394353
0.724405;4.935480;0.160271;-0.706453
0.498260;5.977307;0.475132;-0.150041
0.640624;2.584306;-0.543693;0.338817
0.678211;2.681042;-0.607547;0.301425
0.888131;2.840697;-0.848229;0.263220
0.692913;4.620202;-0.063787;-0.689971
0.900007;0.880815;0.572875;0.694137
0.986112;2.243443;-0.614405;0.771313
0.578601;5.370132;0.353717;-0.457890
0.692083;0.217329;0.675803;0.149229
0.424543;3.563125;-0.387380;-0.173706
0.967082;5.245536;0.491516;-0.832862
0.717632;5.974555;0.683724;-0.217983
0.323302;5.492830;0.227473;-0.229739
0.399999;3.322448;-0.393475;-0.071948
0.877901;1.263637;0.265436;0.836812
0.911396;3.363553;-0.889038;-0.200636
0.817792;1.514512;0.046005;0.816497
0.972950;4.053327;-0.595811;-0.769182
0.429064;1.581861;-0.004747;0.429038
0.311798;4.173449;-0.160023;-0.267602
0.709536;5.700301;0.592376;-0.390553
0.566359;6.234239;0.565681;-0.027710
0.514088;1.080042;0.242285;0.453414
0.920268;1.631222;-0.055574;0.918589
0.850197;3.414804;-0.818663;-0.229405
0.585712;4.134851;-0.319777;-0.490715
0.615091;5.391306;0.386247;-0.478697
0.353999;6.278241;0.353994;-0.001750
0.498615;1.792681;-0.109729;0.486391
0.726635;3.365777;-0.708451;-0.161539
0.052726;2.253408;-0.033261;0.040911
0.266470;4.219561;-0.126072;-0.234759
0.340639;0.110823;0.338549;0.037673
0.912701;1.885779;-0.282755;0.867798
0.886427;5.844883;0.802636;-0.376202
0.693332;5.061389;0.237090;-0.651534
0.594832;1.996947;-0.245885;0.541632
0.893172;0.844856;0.592922;0.667981
0.077917;1.011605;0.041335;0.066049
0.627758;4.579852;-0.082958;-0.622252
0.839336;1.592731;-0.018409;0.839134
0.622084;3.764721;-0.505168;-0.363035
0.333982;0.180051;0.328583;0.059809
0.773555;2.262958;-0.493686;0.595536
0.560330;4.038442;-0.349688;-0.437822
0.946489;5.234534;0.472053;-0.820370
0.037135;6.074885;0.036332;-0.007679
0.144976;3.982069;-0.096715;-0.108001
0.707699;5.366104;0.430380;-0.561793
0.671007;5.045034;0.219113;-0.634224
0.885598;5.849388;0.803571;-0.372234
0.780056;4.112100;-0.440639;-0.643681
0.874720;5.796842;0.773294;-0.408841
0.888214;4.845630;0.117997;-0.880341
0.289133;4.394183;-0.090459;-0.274618
0.707187;1.912822;-0.237187;0.666225
0.976139;2.534976;-0.801978;0.556488
0.648045;3.648922;-0.566420;-0.314849
0.657351;3.359632;-0.641787;-0.142195
0.676208;1.648909;-0.052767;0.674146
0.421236;5.462922;0.287295;-0.308061
0.782231;4.367888;-0.264180;-0.736271
0.914494;3.976653;-0.613747;-0.677948
0.919396;5.362630;0.556582;-0.731782
0.697815;1.856926;-0.196953;0.669444
0.415673;4.948524;0.097245;-0.404138
0.861887;4.908877;0.168263;-0.845303
0.664863;3.191770;-0.664026;-0.033347
0.838968;4.695544;-0.014132;-0.838849
0.528386;1.908945;-0.175287;0.498464
0.668338;1.857668;-0.189108;0.641026
0.779906;5.754613;0.673470;-0.393308
0.464180;0.177280;0.456905;0.081859
0.704712;1.029971;0.362816;0.604138
0.281548;5.993386;0.269807;-0.080455
0.970932;1.612950;-0.040916;0.970070
0.582821;3.484623;-0.548865;-0.196027
0.684275;4.350044;-0.242553;-0.639844
0.433013;1.969917;-0.168272;0.398979
0.738796;4.237669;-0.337696;-0.657101
0.354137;1.476272;0.033425;0.352556
0.679727;5.455464;0.459873;-0.500545
0.127389;2.641602;-0.111795;0.061073
0.613392;1.485647;0.052167;0.611170
0.409566;1.079414;0.193252;0.361106
0.237945;0.821665;0.162042;0.174243
0.991869;4.177514;-0.505589;-0.853337
0.215979;1.252032;0.067687;0.205099
0.457645;0.374597;0.425910;0.167451
0.602655;1.814012;-0.145134;0.584918
0.727907;5.166374;0.319224;-0.654174
0.248536;5.463406;0.169596;-0.181678
0.613881;0.291257;0.588027;0.176280
0.749573;3.545916;-0.689134;-0.294879
0.936071;3.920903;-0.665920;-0.657860
0.868993;0.010317;0.868946;0.008965
0.926816;1.364563;0.189788;0.907176
0.932688;2.460294;-0.724470;0.587408
0.392370;4.790979;0.030805;-0.391159
0.379959;2.021288;-0.165437;0.342052
0.966594;1.262839;0.292987;0.921120
0.672659;5.768637;0.585560;-0.331044
0.618232;0.097195;0.615314;0.059994
0.796069;0.678603;0.619700;0.499697
0.769051;3.224977;-0.766379;-0.064052
0.955544;0.762075;0.691245;0.659730
0.579246;3.086213;-0.578358;0.032062
0.995397;4.475991;-0.233125;-0.967713
0.733172;0.433709;0.665290;0.308108
0.890549;5.844129;0.806084;-0.378560
0.832502;3.444606;-0.794574;-0.248416
0.965280;0.429764;0.877501;0.402190
0.874874;1.998197;-0.362641;0.796175
0.678209;5.776497;0.592996;-0.329124
0.283782;0.758305;0.206026;0.195154
0.870292;3.337546;-0.853637;-0.169448
0.567165;4.563038;-0.084392;-0.560851
0.670294;1.383802;0.124612;0.658609
0.507987;3.765965;-0.412145;-0.296963
0.572924;5.337516;0.335275;-0.464578
0.335625;1.516170;0.018325;0.335124
0.985282;6.060271;0.960903;-0.217819
0.855858;3.003042;-0.847657;0.118200
0.822738;4.941009;0.186460;-0.801331
0.251651;2.952946;-0.247186;0.047192
0.846469;4.752520;0.033960;-0.845787
0.134915;1.034376;0.068950;0.115965
0.584070;1.884692;-0.180341;0.555531
0.694729;1.994647;-0.285724;0.633254
0.857711;3.538571;-0.791010;-0.331619
0.661926;0.059238;0.660765;0.039188
0.781486;1.735252;-0.127942;0.770942
0.857705;0.377079;0.797446;0.315812
0.704567;3.204814;-0.703159;-0.044514
0.419212;5.181467;0.189511;-0.373931
0.599628;5.056299;0.202177;-0.564516
0.763096;2.075550;-0.369027;0.667933
0.877073;5.222332;0.428124;-0.765485
0.569767;6.047610;0.554031;-0.132985
0.785841;2.437650;-0.599044;0.508619
0.657634;2.098930;-0.331396;0.568031
0.812836;6.076073;0.795465;-0.167148
0.122609;0.011574;0.122601;0.001419
0.885069;3.127035;-0.884976;0.012884
0.565066;0.222224;0.551171;0.124540
0.759747;4.759174;0.035532;-0.758916
0.749099;1.180843;0.284766;0.692862
0.183360;5.109229;0.070870;-0.169111
0.874244;0.291458;0.837374;0.251213
0.568525;5.906458;0.528657;-0.209149
0.933297;4.290002;-0.382595;-0.851272
0.863005;6.092868;0.847422;-0.163255
0.727641;0.190921;0.714420;0.138079
0.894913;5.366450;0.544478;-0.710221
0.996440;2.628992;-0.868369;0.488700
0.491997;5.917052;0.459387;-0.176139
0.518482;2.633390;-0.452957;0.252298
0.953292;1.783532;-0.201273;0.931802
0.648814;1.309831;0.167403;0.626846
0.545796;4.651185;-0.033384;-0.544774
0.871886;5.498472;0.616939;-0.616094
0.118562;2.019007;-0.051379;0.106851
0.251090;3.543905;-0.231042;-0.098313
0.366736;2.159543;-0.203655;0.304991
0.781292;2.875915;-0.753880;0.205139
0.894481;6.269444;0.894396;-0.012291
0.374823;3.423544;-0.360022;-0.104287
0.983627;1.170595;0.383225;0.905904
0.758459;4.827962;0.087462;-0.753399
0.201005;0.530967;0.173330;0.101782
0.838548;5.019115;0.253191;-0.799411
0.161969;3.068325;-0.161535;0.011857
0.466834;2.835928;-0.445195;0.140483
0.537168;4.014283;-0.345274;-0.411503
0.812292;3.684724;-0.695399;-0.419808
0.946311;2.638969;-0.829273;0.455863
0.988890;2.676090;-0.883669;0.443885
0.507634;3.501632;-0.475086;-0.178845
0.994959;2.464184;-0.775272;0.623617
0.949212;3.772180;-0.766661;-0.559673
0.605191;4.405148;-0.183028;-0.576851
0.338417;3.183992;-0.338113;-0.014344
0.873113;0.515535;0.759634;0.430446
0.832499;5.365457;0.505848;-0.661190
0.605637;1.569596;0.000727;0.605636
0.968734;3.683901;-0.829740;-0.499977
0.220513;6.061263;0.215105;-0.048536
0.768767;4.919181;0.157844;-0.752388
0.645005;5.526388;0.468944;-0.442858
0.968585;3.720921;-0.810541;-0.530264
0.991134;5.238047;0.497333;-0.857325
0.727021;6.033429;0.704464;-0.179696
0.880867;4.940167;0.198912;-0.858115
0.719412;4.812110;0.071621;-0.715838
0.422422;2.629871;-0.368311;0.206851
0.939459;0.383576;0.871191;0.351582
0.797502;6.265033;0.797371;-0.014475
0.290083;2.502825;-0.232887;0.172949
0.771695;1.844454;-0.208554;0.742979
0.502272;3.007516;-0.497764;0.067141
0.737132;4.442677;-0.196411;-0.710483
0.762446;0.680733;0.592506;0.479855
0.819606;1.082756;0.384310;0.723920
0.944062;3.795917;-0.749075;-0.574579
0.227767;2.172499;-0.128927;0.187765
0.443105;0.215042;0.432899;0.094553
0.834132;4.554694;-0.130994;-0.823782
0.714722;2.963804;-0.703456;0.126401
0.714950;0.178317;0.703614;0.126813
0.487417;1.293997;0.133200;0.468863
0.981473;0.754988;0.714787;0.672584
0.516715;3.765513;-0.419363;-0.301876
0.796004;2.206290;-0.472488;0.640607
0.716931;4.684039;-0.020322;-0.716643
0.802930;1.775748;-0.163412;0.786125
0.473444;4.425951;-0.133765;-0.454154
0.994833;2.022086;-0.433873;0.895236
0.901529;4.156000;-0.476118;-0.765549
0.702959;1.384563;0.130159;0.690804
0.515351;0.391958;0.476269;0.196863
0.752412;2.902386;-0.730988;0.178271
0.782917;1.645579;-0.058494;0.780729
0.838560;0.777770;0.597457;0.588411
0.856508;1.346719;0.190322;0.835095
0.390086;3.063267;-0.388890;0.030523
0.967800;3.969773;-0.654443;-0.712980
0.352202;1.279445;0.101169;0.337359
0.480738;4.760575;0.023156;-0.480180
0.266693;1.642745;-0.019172;0.266003
0.709336;1.458786;0.079287;0.704890
0.737611;1.530948;0.029384;0.737025
0.967773;3.353738;-0.946077;-0.203772
0.751986;4.708236;-0.003123;-0.751980
0.843543;3.619027;-0.749215;-0.387609
0.697174;3.100771;-0.696593;0.028452
0.798979;0.327831;0.756428;0.257264
0.977462;1.579134;-0.008150;0.977428
0.911279;1.099350;0.413880;0.811870
0.944175;3.543949;-0.868774;-0.369727
0.623942;0.274154;0.600641;0.168922
0.227092;5.292277;0.124431;-0.189968
0.437943;1.103434;0.197308;0.390978
0.749850;5.901513;0.695893;-0.279299
0.670551;3.979770;-0.448477;-0.498504
0.448003;2.947738;-0.439612;0.086305
0.930362;4.679572;-0.030526;-0.929861
0.478703;5.040114;0.154090;-0.453225
0.891568;1.954020;-0.333368;0.826897
0.260480;3.182163;-0.260266;-0.010565
0.941795;3.480269;-0.888297;-0.312901
0.999980;3.300853;-0.987325;-0.158584
0.349901;2.964055;-0.344402;0.061795
0.541319;5.987002;0.517748;-0.157995
0.804183;1.159197;0.321734;0.737020
0.718956;3.470631;-0.680387;-0.232318
0.862831;0.532946;0.743168;0.438381
0.628220;5.882764;0.578526;-0.244884
0.881357;2.973750;-0.868972;0.147236
0.626002;4.667025;-0.028389;-0.625358
0.326630;3.723328;-0.272903;-0.179475
0.853393;3.070046;-0.851209;0.061005
0.580830;6.015748;0.560182;-0.153490
0.898401;4.075331;-0.534399;-0.722179
0.518100;5.497624;0.366292;-0.366412
0.393784;4.220786;-0.185882;-0.347151
0.972229;0.974063;0.546337;0.804204
0.844664;0.425120;0.769480;0.348365
0.791689;0.040740;0.791032;0.032245
0.732716;4.962680;0.181483;-0.709885
0.841029;3.582195;-0.760706;-0.358685
0.584981;6.083116;0.573312;-0.116257
0.809287;1.590997;-0.016347;0.809122
0.648677;5.957013;0.614476;-0.207849
0.852351;5.106100;0.326977;-0.787140
0.831185;2.196237;-0.486621;0.673846
0.636590;5.877920;0.585025;-0.250984
0.915508;1.627106;-0.051525;0.914057
0.944953;1.015558;0.498128;0.802997
0.952665;4.258222;-0.417948;-0.856090
0.743611;0.393566;0.686760;0.285163
0.591165;3.130201;-0.591127;0.006734
0.856748;0.395426;0.790635;0.330020
0.286704;5.511233;0.205438;-0.199986
0.765356;3.889744;-0.560966;-0.520660
0.428167;5.085931;0.156245;-0.398641
0.434967;0.263152;0.419993;0.113146
0.881822;2.265051;-0.564201;0.677708
0.543229;1.246534;0.173078;0.514919
0.555502;3.380058;-0.539782;-0.131216
0.105133;3.240880;-0.104615;-0.010421
0.635490;5.860026;0.579437;-0.260960
0.983694;4.764885;0.051616;-0.982339
0.437737;5.407253;0.280275;-0.336244
0.959159;3.867539;-0.717327;-0.636732
0.233795;2.971595;-0.230425;0.039553
0.441053;5.783597;0.387148;-0.211293
0.698200;5.834220;0.629006;-0.303042
0.991676;0.540568;0.850280;0.510339
0.567483;0.537489;0.487466;0.290540
0.839706;3.175302;-0.839229;-0.028301
0.946042;2.580222;-0.800849;0.503623
0.739761;4.226108;-0.345721;-0.654006
0.878151;2.253760;-0.554196;0.681187
0.622374;3.745300;-0.512361;-0.353321
0.642652;2.503240;-0.516100;0.382939
0.792615;5.132420;0.323219;-0.723718
0.575374;3.744100;-0.474060;-0.326070
0.758423;0.245176;0.735742;0.184090
0.986324;3.111377;-0.985874;0.029798
0.413414;0.172756;0.407260;0.071065
0.696052;2.296121;-0.461746;0.520844
0.973644;3.068224;-0.971025;0.071371
0.900187;2.813340;-0.852123;0.290210
0.757864;4.076066;-0.450355;-0.609540
0.730275;1.755930;-0.134428;0.717796
0.392544;5.935411;0.369044;-0.133781
0.830735;1.367787;0.167491;0.813675
0.365524;6.142580;0.361917;-0.051225
0.759202;3.273276;-0.752629;-0.099685
0.300095;6.216521;0.299428;-0.019991
0.958833;4.513181;-0.189747;-0.939871
0.897909;4.817746;0.094426;-0.892930
0.911340;5.641025;0.729804;-0.545826
0.567575;5.047754;0.186797;-0.535955
0.953594;3.097943;-0.952685;0.041610
0.589256;2.474501;-0.462934;0.364575
0.612245;5.099169;0.230944;-0.567017
0.939229;4.407862;-0.281620;-0.896014
0.509231;2.868337;-0.490337;0.137425
0.591827;1.941316;-0.214300;0.551665
0.502322;3.168925;-0.502134;-0.013728
0.877480;2.882725;-0.848243;0.224622
0.849729;5.677361;0.698505;-0.483870
0.976101;5.119414;0.386418;-0.896357
0.651566;0.269115;0.628114;0.173237
0.896756;2.160781;-0.498909;0.745158
0.526763;0.796475;0.368329;0.376581
0.791845;0.678703;0.616362;0.497108
0.156719;2.924898;-0.153054;0.033695
0.654023;2.829029;-0.622335;0.201111
0.689142;4.869274;0.107673;-0.680679
0.918740;5.339212;0.538910;-0.744083
0.765851;1.524219;0.035658;0.765021
0.742492;2.275745;-0.481131;0.565516
0.464166;5.664631;0.378164;-0.269150
0.819247;6.183465;0.815177;-0.081560
0.960342;2.771752;-0.895408;0.347132
0.665529;4.048231;-0.410230;-0.524062
0.587127;5.730611;0.499748;-0.308171
0.987638;1.794528;-0.219127;0.963022
0.977183;4.898371;0.180693;-0.960332
0.793415;4.704334;-0.006391;-0.793389
0.650165;4.856136;0.093138;-0.643460
0.925601;6.054653;0.901535;-0.209693
0.488252;5.031795;0.153312;-0.463557
0.643337;4.481846;-0.147006;-0.626316
0.758818;4.865177;0.115488;-0.749978
0.281819;4.264304;-0.122095;-0.253997
0.730244;0.924062;0.440033;0.582776
0.202191;4.704265;-0.001643;-0.202184
0.220506;1.435073;0.029836;0.218478
0.856058;6.100213;0.841768;-0.155763
0.431148;4.348706;-0.153368;-0.402948
0.362667;3.333902;-0.355981;-0.069315
0.777286;0.672024;0.608275;0.483916
0.903446;0.473828;0.803912;0.412238
0.634750;6.044889;0.616813;-0.149831
0.907816;2.148699;-0.495911;0.760396
0.501302;1.239164;0.163218;0.473987
0.906618;0.037988;0.905964;0.034432
0.999027;1.481820;0.088772;0.995075
0.485496;0.566819;0.409571;0.260687
0.725609;1.980008;-0.288709;0.665699
0.876868;0.375515;0.815767;0.321592
0.679851;2.049135;-0.312939;0.603545
0.899151;0.170727;0.886078;0.152764
0.744667;0.362295;0.696328;0.263926
0.717219;4.652184;-0.043154;-0.715919
0.515879;1.019654;0.270145;0.439491
0.887343;2.429431;-0.671675;0.579853
0.886336;0.753630;0.646324;0.606511
0.679757;4.428716;-0.190253;-0.652589
0.773544;5.042577;0.250799;-0.731758
0.216398;2.299809;-0.144150;0.161396
0.718417;5.458731;0.487775;-0.527446
0.609977;0.191826;0.598789;0.116293
0.788020;3.818788;-0.614130;-0.493781
0.798182;0.926669;0.479309;0.638245
0.662766;2.550917;-0.550470;0.369109
0.455246;2.625171;-0.395878;0.224787
0.498471;3.343120;-0.488383;-0.099777
0.667069;5.045411;0.218065;-0.630419
0.767942;2.989144;-0.759036;0.116619
0.244483;5.377565;0.150894;-0.192361
0.798762;2.283944;-0.522564;0.604108
0.871134;2.661626;-0.772705;0.402245
0.695302;1.388226;0.126238;0.683746
0.803004;3.758394;-0.655036;-0.464481
0.734743;4.345721;-0.263410;-0.685902
0.981933;3.596005;-0.882286;-0.431005
0.277092;5.357151;0.166535;-0.221464
0.345259;1.345274;0.077205;0.336516
0.678525;4.751961;0.026843;-0.677994
0.601324;2.613855;-0.519513;0.302815
0.402851;0.535283;0.346502;0.205488
0.913136;2.580894;-0.773320;0.485586
0.785663;4.996075;0.219904;-0.754261
0.854468;4.544967;-0.142389;-0.842521
0.520468;1.924163;-0.180112;0.488310
0.309147;2.671981;-0.275680;0.139901
0.818377;5.368643;0.499335;-0.648387
0.604337;4.206831;-0.292677;-0.528737
0.769248;0.063071;0.767718;0.048485
0.517402;0.826798;0.350403;0.380687
0.837665;4.701394;-0.009210;-0.837614
0.469322;1.852371;-0.130410;0.450840
0.775156;2.132934;-0.413155;0.655873
0.713387;3.629268;-0.630223;-0.334275
0.309459;2.430745;-0.234511;0.201915
0.996807;4.865737;0.152260;-0.985110
0.687065;5.198965;0.321273;-0.607323
0.837568;0.561246;0.709079;0.445788
0.789044;5.956384;0.747284;-0.253295
0.901487;2.575044;-0.760637;0.483849
0.504210;5.706709;0.422724;-0.274831
0.913833;5.805469;0.811526;-0.420137
0.873325;1.258604;0.268238;0.831111
0.331450;5.471341;0.228091;-0.240486
0.458641;5.616640;0.360475;-0.283566
0.720231;2.691629;-0.648541;0.313252
0.801353;4.643243;-0.055366;-0.799438
0.850412;4.771357;0.050118;-0.848934
0.771242;4.702795;-0.007399;-0.771206
0.580518;4.339036;-0.211738;-0.540526
0.367883;5.321714;0.210545;-0.301677
0.990625;3.816382;-0.773518;-0.618875
0.821230;4.290517;-0.336268;-0.749228
0.461598;5.110504;0.178953;-0.425498
0.794258;3.406140;-0.766626;-0.207676
0.472433;2.522228;-0.384677;0.274256
0.983213;3.610538;-0.877070;-0.444359
0.917467;4.582987;-0.118391;-0.909796
0.880312;5.979111;0.839927;-0.263574
0.341391;3.151979;-0.341373;-0.003546
0.601559;3.991588;-0.397021;-0.451938
0.964385;0.025378;0.964075;0.024471
0.611781;1.065572;0.296104;0.535349
0.528940;6.088979;0.518996;-0.102079
0.958157;0.836480;0.642041;0.711229
0.419550;3.579876;-0.379894;-0.178051
0.990004;0.988722;0.544262;0.826974
0.420893;4.112508;-0.237613;-0.347406
0.597134;5.696191;0.497179;-0.330729
0.992089;6.204112;0.988989;-0.078366
0.669837;1.303340;0.177024;0.646021
0.951416;2.609966;-0.820105;0.482307
0.884347;4.693156;-0.017007;-0.884183
0.813109;0.460997;0.728228;0.361705
0.463569;4.886396;0.080258;-0.456568
0.758303;3.623953;-0.671782;-0.351755
0.642631;0.134548;0.636823;0.086204
0.311707;1.907600;-0.103010;0.294194
0.437041;2.368371;-0.312775;0.305249
0.522202;3.929636;-0.368275;-0.370228
0.714191;6.063708;0.697059;-0.155494
0.441787;3.079873;-0.440946;0.027250
0.349899;5.583741;0.267742;-0.225262
0.813053;3.009640;-0.805985;0.106974
0.891772;4.054514;-0.545262;-0.705653
0.991346;1.532708;0.037750;0.990627
0.607520;5.579205;0.463096;-0.393222
0.419141;4.194039;-0.207662;-0.364082
0.388907;5.257927;0.201795;-0.332457
0.507173;2.300563;-0.338130;0.378011
0.361762;5.229162;0.178739;-0.314523
0.971039;3.417092;-0.934420;-0.264149
0.923938;0.251811;0.894799;0.230207
0.920571;3.524980;-0.853740;-0.344353
0.645768;3.999235;-0.422476;-0.488396
0.431787;2.786197;-0.404804;0.150245
0.775608;2.397764;-0.570756;0.525172
0.670795;1.510157;0.040651;0.669562
0.519900;0.697566;0.398456;0.333960
0.848144;3.656217;-0.738290;-0.417463
0.522177;1.372662;0.102785;0.511961
0.584975;4.032241;-0.367896;-0.454806
0.789162;3.253905;-0.784190;-0.088446
0.908628;4.863349;0.136646;-0.898294
0.933302;0.520436;0.809735;0.464093
0.374396;0.012095;0.374368;0.004528
0.656833;0.522057;0.569339;0.327539
0.738764;5.035615;0.234651;-0.700507
0.799699;5.715035;0.674064;-0.430297
0.602047;3.599549;-0.540011;-0.266175
0.249852;3.448847;-0.238151;-0.075566
0.127761;4.171997;-0.065730;-0.109556
0.668483;2.929780;-0.653544;0.140537
0.648611;1.467237;0.067050;0.645136
0.306042;4.124258;-0.169795;-0.254621
0.903008;2.301732;-0.602818;0.672335
0.935341;0.990356;0.512934;0.782152
0.724179;3.126764;-0.724099;0.010738
0.438003;5.443702;0.292519;-0.326005
0.887704;0.395212;0.819275;0.341770
0.974280;2.793146;-0.915730;0.332656
0.254608;5.636043;0.203128;-0.153505
0.209721;0.797650;0.146467;0.150101
0.835731;4.294564;-0.339118;-0.763836
0.743558;0.382696;0.689770;0.277662
0.506347;3.866069;-0.379176;-0.335578
0.355193;4.957823;0.086304;-0.344548
0.891993;3.600466;-0.799718;-0.395098
0.505323;1.359348;0.106055;0.494068
0.568245;5.437255;0.376766;-0.425381
0.934207;0.869128;0.603024;0.713516
0.864899;1.658497;-0.075755;0.861575
0.901276;4.956409;0.217753;-0.874575
0.527210;3.270385;-0.522843;-0.067713
0.809462;0.414495;0.740917;0.325993
0.763805;0.759034;0.554141;0.525667
0.714501;1.034062;0.365348;0.614030
0.133447;0.445145;0.120442;0.057461
0.898820;4.500363;-0.189149;-0.878693
0.868533;5.511032;0.622226;-0.605957
0.881568;0.067456;0.879564;0.059422
0.093616;2.636908;-0.081945;0.045266
0.562273;5.054289;0.188517;-0.529728
0.996348;0.552003;0.848366;0.522479
0.732881;1.983049;-0.293646;0.671480
0.976330;5.819549;0.873261;-0.436618
0.985033;4.406209;-0.296907;-0.939221
0.436083;1.878302;-0.131994;0.415627
0.700076;6.185614;0.696747;-0.068199
0.905229;4.157515;-0.476907;-0.769414
0.224589;5.775435;0.196255;-0.109198
0.884586;0.485715;0.782276;0.412961
0.774672;1.989590;-0.315027;0.707725
0.384904;5.807844;0.342232;-0.176148
0.181406;2.631725;-0.158332;0.088537
0.895240;2.050976;-0.413546;0.793999
0.972595;2.051912;-0.450087;0.862185
0.863771;1.646773;-0.065563;0.861280
0.804574;1.603230;-0.026091;0.804151
0.591562;1.158959;0.236799;0.542100
0.295171;5.149190;0.124870;-0.267457
0.791843;3.605097;-0.708297;-0.354022
0.721657;5.134519;0.295666;-0.658309
0.934189;3.312803;-0.920531;-0.159163
0.895352;1.310050;0.230823;0.865087
0.839815;2.315021;-0.568892;0.617780
0.802522;3.064831;-0.800159;0.061542
0.980868;4.778438;0.064738;-0.978730
0.566381;3.937088;-0.396428;-0.404516
0.448565;2.222338;-0.272016;0.356677
0.749541;3.261093;-0.744195;-0.089357
0.443250;3.190300;-0.442725;-0.021581
0.919560;2.883505;-0.889104;0.234702
0.534973;3.097171;-0.534445;0.023757
0.845037;3.997004;-0.554266;-0.637868
0.440155;1.995320;-0.181294;0.401084
0.675027;5.156937;0.290295;-0.609418
0.944105;3.096373;-0.943140;0.042678
0.392796;1.761780;-0.074563;0.385655
0.732396;2.967523;-0.721328;0.126845
0.699212;1.518608;0.036474;0.698260
0.597575;4.079622;-0.353393;-0.481881
0.495811;2.005587;-0.208846;0.449680
0.962370;3.560160;-0.879291;-0.391157
0.679822;0.800270;0.473505;0.487803
0.660806;3.394943;-0.639712;-0.165631
0.803981;3.978117;-0.538705;-0.596811
0.219258;3.091183;-0.218979;0.011048
0.303416;2.100287;-0.153253;0.261867
0.992425;2.026327;-0.436607;0.891225
0.697686;4.366789;-0.236349;-0.656434
0.800041;2.882600;-0.773359;0.204896
0.718157;3.338885;-0.704225;-0.140769
0.684058;4.209973;-0.329404;-0.599523
0.900998;0.027269;0.900663;0.024566
0.377272;5.133652;0.154271;-0.344288
0.873147;3.138011;-0.873142;0.003127
0.991307;0.051623;0.989987;0.051151
0.578776;5.710448;0.486416;-0.313659
0.301969;1.969728;-0.117295;0.278257
0.190300;3.316586;-0.187393;-0.033131
0.924021;1.250052;0.291318;0.876897
0.823007;2.627886;-0.716780;0.404433
0.831222;1.795439;-0.185161;0.810336
0.518521;1.207565;0.184229;0.484689
0.779906;4.747763;0.027583;-0.779418
0.941906;4.804576;0.086709;-0.937906
0.854846;5.776051;0.747255;-0.415177
0.544125;1.248450;0.172375;0.516100
0.767675;3.922096;-0.545479;-0.540165
0.848168;4.597155;-0.097521;-0.842543
0.978581;3.027088;-0.972172;0.111807
0.864547;5.908142;0.804454;-0.316695
0.699994;0.517885;0.608203;0.346528
0.604573;0.612793;0.494568;0.347723
0.955128;5.768436;0.831358;-0.470226
0.790810;4.813442;0.079777;-0.786775
0.342092;1.902046;-0.111257;0.323495
0.429330;2.037694;-0.193249;0.383378
0.767121;2.847464;-0.734177;0.222393
0.718679;4.480414;-0.165224;-0.699428
0.851569;5.780769;0.746334;-0.410068
0.691196;2.864705;-0.664869;0.188947
0.916147;1.823230;-0.228818;0.887112
0.413500;2.693294;-0.372640;0.179224
0.956242;5.594366;0.738216;-0.607812
0.822595;2.440201;-0.628417;0.530806
0.610039;5.909066;0.567842;-0.222940
0.919256;2.378129;-0.664113;0.635599
0.734326;1.322868;0.180201;0.711872
0.689943;2.836877;-0.658159;0.206998
0.358631;3.881457;-0.264870;-0.241784
0.856702;4.787762;0.064511;-0.854269
0.660928;5.769617;0.575666;-0.324706
0.293777;3.403300;-0.283774;-0.076009
0.942233;0.748686;0.690265;0.641356
0.504710;0.812579;0.347053;0.366451
0.197977;1.563483;0.001448;0.197972
0.765022;5.519904;0.552783;-0.528856
0.734174;1.712746;-0.103866;0.726790
0.907482;6.093195;0.891152;-0.171378
0.403688;0.103911;0.401511;0.041872
0.598441;0.323352;0.567428;0.190152
0.688003;1.276523;0.199551;0.658428
0.972783;0.079055;0.969745;0.076823
0.964395;2.653565;-0.851811;0.452190
0.990170;3.613001;-0.882172;-0.449678
0.745944;4.488551;-0.165580;-0.727335
0.580537;6.240831;0.580016;-0.024581
0.385992;2.659848;-0.342062;0.178840
0.731376;3.475519;-0.690977;-0.239712
0.736536;1.922623;-0.253820;0.691419
0.826119;0.615953;0.674297;0.477279
0.744870;4.926533;0.158293;-0.727856
0.702072;3.833975;-0.540404;-0.448183
0.238065;1.988176;-0.096504;0.217628
0.761550;1.380033;0.144397;0.747735
0.921585;2.855350;-0.884087;0.260210
0.887386;2.027377;-0.391232;0.796487
0.417085;4.610356;-0.042482;-0.414916
0.922822;3.897900;-0.671238;-0.633278
0.820025;5.227849;0.404219;-0.713476
0.442037;1.438064;0.058500;0.438149
0.739198;3.345294;-0.723914;-0.149536
0.859352;1.330502;0.204516;0.834661
0.687096;1.717810;-0.100649;0.679684
0.874587;3.335982;-0.858115;-0.168942
0.309427;2.810934;-0.292665;0.100460
0.381213;1.048846;0.190062;0.330453
0.481099;4.010105;-0.310772;-0.367256
0.881547;1.810381;-0.209190;0.856367
0.686300;5.487954;0.480492;-0.490036
0.155313;5.257009;0.080466;-0.132843
0.918820;5.099289;0.346688;-0.850904
0.399182;0.114291;0.396577;0.045524
0.248375;0.068782;0.247787;0.017070
0.393590;4.612688;-0.039177;-0.391635
0.599447;2.201063;-0.353290;0.484276
0.981329;5.691002;0.814232;-0.547753
0.631730;4.407611;-0.189571;-0.602616
0.342793;2.434961;-0.260712;0.222567
0.700887;5.544339;0.518128;-0.472002
0.659413;3.688161;-0.563346;-0.342736
0.919856;3.645184;-0.805661;-0.443899
0.868285;0.487519;0.767128;0.406735
0.467308;0.297792;0.446741;0.137113
0.604750;1.292690;0.166025;0.581514
0.959599;5.693804;0.797700;-0.533390
0.205954;1.768170;-0.040386;0.201955
0.847215;4.512056;-0.168592;-0.830271
0.903302;4.897523;0.166278;-0.887866
0.495394;6.100144;0.487118;-0.090172
0.173058;3.799775;-0.136907;-0.105856
0.566727;6.238927;0.566172;-0.025074
0.163878;1.486690;0.013767;0.163299
0.459131;4.151395;-0.244270;-0.388758
0.790032;1.372229;0.155846;0.774508
0.243877;0.370557;0.227324;0.088316
0.567220;5.690122;0.470357;-0.317021
0.799454;3.719696;-0.669543;-0.436851
0.991565;2.349000;-0.696080;0.706169
0.799627;5.436696;0.529846;-0.598888
0.761310;0.481198;0.674857;0.352366
0.878336;3.908210;-0.632632;-0.609305
0.598329;0.035192;0.597959;0.021052
0.583204;4.337321;-0.213649;-0.542661
0.549015;3.679069;-0.471606;-0.281079
0.813126;2.082040;-0.397832;0.709157
0.840623;6.172306;0.835461;-0.093017
0.569494;4.608735;-0.058924;-0.566437
0.467939;0.323440;0.443675;0.148725
0.627868;2.258610;-0.398602;0.485113
0.886694;2.850644;-0.849428;0.254358
0.646874;0.678358;0.503659;0.405923
0.599421;3.606071;-0.535915;-0.268514
0.836643;5.396377;0.528665;-0.648448
0.973539;5.376691;0.600197;-0.766513
0.850962;0.274732;0.819049;0.230857
0.669824;0.075172;0.667932;0.050305
0.815926;2.029563;-0.361327;0.731559
0.132537;3.281174;-0.131248;-0.018440
0.115417;2.004236;-0.048474;0.104744
0.790006;4.237977;-0.360887;-0.702759
0.806444;2.078208;-0.391864;0.704836
0.416174;3.085214;-0.415513;0.023451
0.253496;5.708400;0.212761;-0.137814
0.242603;6.125044;0.239575;-0.038206
0.517678;5.309807;0.291199;-0.428011
0.654618;1.274155;0.191352;0.626027
0.976241;1.911238;-0.325970;0.920212
0.881313;1.064183;0.427629;0.770613
0.403786;4.552111;-0.064441;-0.398611
0.735832;2.535466;-0.604752;0.419195
0.876479;3.182220;-0.875756;-0.035599
0.644591;5.970936;0.613421;-0.198018
0.910758;2.721015;-0.831389;0.371851
0.994420;2.256631;-0.629785;0.769572
0.518072;3.851473;-0.392927;-0.337650
0.741621;5.772683;0.647063;-0.362367
0.678299;4.544012;-0.113671;-0.668707
0.962357;0.255738;0.931058;0.243438
0.384805;6.188856;0.383094;-0.036245
0.124631;2.614214;-0.107698;0.062723
0.911082;6.034440;0.883041;-0.224297
0.367702;1.881613;-0.112457;0.350084
0.883711;5.729744;0.751792;-0.464495
0.992568;5.931258;0.931733;-0.342146
0.390845;0.270127;0.376672;0.104298
0.929448;2.747819;-0.858315;0.356607
0.741254;1.755334;-0.136014;0.728669
0.622602;5.625279;0.492649;-0.380697
0.478315;5.609986;0.373961;-0.298225
0.877950;0.085055;0.874777;0.074584
0.148963;2.015640;-0.064101;0.134466
0.965551;3.030255;-0.959572;0.107280
0.748567;2.354756;-0.528555;0.530078
0.198328;4.451185;-0.051217;-0.191601
0.599799;3.589081;-0.540741;-0.259535
0.800528;4.437066;-0.217630;-0.770378
0.219050;4.876066;0.035694;-0.216123
0.722496;5.208315;0.343797;-0.635456
0.452017;3.186781;-0.451555;-0.020419
0.537838;2.243600;-0.335171;0.420631
0.257948;0.962226;0.147467;0.211637
0.891296;0.831561;0.600487;0.658653
0.974098;4.388139;-0.310345;-0.923337
0.166250;4.360550;-0.057294;-0.156065
0.328029;1.977871;-0.129875;0.301223
0.841154;0.815513;0.576607;0.612425
0.797237;0.981314;0.443209;0.662686
0.358364;1.231134;0.119396;0.337890
0.728665;4.298403;-0.293114;-0.667110
0.648630;2.557652;-0.541150;0.357600
0.505304;0.386837;0.467965;0.190631
0.336517;1.905784;-0.110633;0.317812
0.594953;3.991368;-0.392759;-0.446888
0.363654;3.507833;-0.339536;-0.130227
0.811659;2.648451;-0.714949;0.384236
0.657055;4.557364;-0.101452;-0.649175
0.301677;1.420817;0.045076;0.298290
0.926107;0.250542;0.897193;0.229609
0.663985;2.523742;-0.541231;0.384636
0.500231;3.446202;-0.477202;-0.150029
0.846436;6.017853;0.816815;-0.221961
0.441163;2.211945;-0.263867;0.353552
0.793917;5.274125;0.422885;-0.671917
0.253643;1.013208;0.134213;0.215225
0.723543;3.047697;-0.720356;0.067838
0.290985;4.893640;0.052453;-0.286218
0.250948;1.243549;0.080664;0.237631
0.773637;2.619743;-0.670665;0.385646
0.912778;4.591488;-0.110087;-0.906115
0.701132;3.091032;-0.700236;0.035435
0.817694;5.801309;0.724581;-0.378954
0.466134;4.772915;0.028196;-0.465281
0.815959;3.715298;-0.685320;-0.442860
0.562015;3.914531;-0.402325;-0.392423
0.996481;3.556861;-0.911788;-0.402016
0.829367;4.457468;-0.209141;-0.802564
0.200537;5.544754;0.148302;-0.134987
